7 102 120
13 49 56
14 54 62
15 58 66
20 22 23
27 27 27
29 32 33
37 36 35
38 107 121
40 40 40
46 59 59
50 48 47
50 54 26
51 62 52
52 56 27
55 65 65
58 55 53
59 68 57
60 31 30
60 56 54
61 66 32
64 33 32
64 73 70
66 74 62
66 123 88
68 46 45
69 64 61
69 112 122
70 65 62
71 35 34
71 60 41
71 122 91
76 52 50
76 122 93
79 56 41
79 66 46
80 73 69
81 64 54
84 57 55
87 72 51
90 82 76
91 83 77
101 71 53
102 92 84
108 120 46
111 131 82
114 118 30
121 116 14
124 111 100
125 174 163
128 170 158
131 165 152
137 180 130
139 186 127
142 192 124
143 63 113
146 79 121
146 131 116
148 94 128
157 0 6
168 153 132
169 107 44
169 182 101
174 88 88
175 37 40
175 58 3
176 184 70
180 113 9
180 115 14
181 118 20
184 187 38
185 76 7
193 74 74
195 94 10
204 36 29
211 134 155
211 213 184
212 190 152
213 196 161
215 217 174
216 166 87
217 225 204
218 201 165
218 222 192
219 71 64
219 221 191
221 199 161
221 204 171
221 229 194
222 226 182
223 225 180
224 233 211
226 204 169
226 230 199
228 237 200
229 213 173
230 213 174
230 234 188
231 138 78
233 177 67
234 105 98
235 219 178
237 222 181
238 224 183
239 210 179
240 221 195
241 217 181
242 89 75
242 133 52
242 229 188
243 222 170
243 234 199
244 232 190
245 237 202
247 217 185
248 228 201
249 224 187
249 234 191
249 245 215
250 189 47
250 231 179
251 73 52
251 241 199
254 128 25